{
    "n_kept_views": 48,
    "image_size": [ 1280, 720 ],
    "pattern": {
        "n_rows": 6,
        "n_cols": 9,
        "square_height": 1.9999999552965164e-02,
        "square_width": 1.9999999552965164e-02
    },
    "camera_matrix": {
        "type_id": "opencv-matrix",
        "rows": 3,
        "cols": 3,
        "dt": "d",
        "data": [ 1.6915263876210001e+03, 0.0, 6.5101222417984172e+02,
            0.0, 1.6915263876210001e+03, 3.3219744774438414e+02, 0.0,
            0.0, 1.0 ]
    },
    "distortion_coefficients": {
        "type_id": "opencv-matrix",
        "rows": 1,
        "cols": 5,
        "dt": "d",
        "data": [ -7.3567331568398356e-02, 2.8752097001530708e-01,
            -3.2772870613988429e-03, -3.0153479066367156e-03, 0.0 ]
    },
    "selected_views": [ 1, 1, 1, 1, 1, 1, 1, 1, 0, 1, 1, 1, 1, 1, 1, 1,
        1, 1, 1, 1, 1, 1, 1, 1, 1, 1, 1, 1, 1, 1, 1, 0, 1, 1, 1, 1, 1, 1,
        1, 0, 1, 1, 1, 1, 1, 1, 1, 1, 1, 1, 1 ],
    "overall_rms_reprojection_error": 7.7533704042434692e-01,
    "per_view_rms_reprojection_errors": [ 4.82847661e-01, 6.09744906e-01,
        5.36251783e-01, 5.47107458e-01, 5.14344931e-01, 1.28525150e+00,
        1.38289452e+00, 9.19484019e-01, 8.99701953e-01, 1.25220609e+00,
        9.22871351e-01, 7.11206913e-01, 4.73110557e-01, 6.78446174e-01,
        7.24673808e-01, 6.54761493e-01, 4.22341406e-01, 4.96698529e-01,
        4.35906261e-01, 5.42436063e-01, 6.21882975e-01, 6.43984437e-01,
        5.75004101e-01, 1.21097636e+00, 6.47737026e-01, 1.37333584e+00,
        6.12693429e-01, 5.27057827e-01, 6.00912631e-01, 5.24433672e-01,
        6.42625570e-01, 7.55709887e-01, 5.72244763e-01, 6.65737033e-01,
        5.95792294e-01, 7.93167889e-01, 1.01905322e+00, 5.98230600e-01,
        5.95793843e-01, 8.21016908e-01, 6.78890944e-01, 6.55779243e-01,
        1.51115382e+00, 6.75093055e-01, 6.62240028e-01, 8.09271395e-01,
        4.93332535e-01, 6.17942333e-01 ],
    "rvecs": {
        "type_id": "opencv-matrix",
        "rows": 48,
        "cols": 3,
        "dt": "d",
        "data": [ -9.1656447563184293e-02, -2.9579077175051288e-01,
            2.4995531442016113e-02, -1.2207918131612071e-01,
            -8.2001496054928801e-03, -8.2115158353323198e-03,
            -2.7209550787848048e-03, -8.3370740233338048e-01,
            -2.8683276845659520e-03, 2.2365806102030115e-03,
            -6.4315921413234023e-01, -1.0471347115156971e-02,
            6.2353766500085209e-03, -4.2004063452699775e-01,
            -1.0984063832860505e-02, 1.0004765489299607e+00,
            -4.4295992862330064e-01, 2.2300626984577623e-01,
            1.0143115263309030e+00, -3.1636982088370608e-01,
            1.5255595123572901e-01, 9.5815334133204599e-01,
            -7.4557336431792121e-01, 3.8936295540783095e-01,
            9.6934640570191499e-01, -1.4639226041823666e-02,
            -2.0552886369261482e-02, 9.7336721819401351e-01,
            5.1065052293746329e-03, -2.5576994597632664e-02,
            9.7462402496727329e-01, 4.9086957321046489e-03,
            -2.3872410827085574e-02, 9.7516098579229726e-01,
            2.9293324442582785e-02, -3.6360289276184878e-02,
            1.7550320086370597e-01, 4.3179683883387936e-02,
            -2.1720583983428590e-02, 1.7070174329297411e-01,
            -4.1896616702777549e-02, -1.5481764689049295e-02,
            1.6609734839893869e-01, -5.5244152306617211e-01,
            2.5424257849931131e-02, 1.7992191050120387e-01,
            5.4619364332901732e-01, -6.1153251438054924e-02,
            1.7929780350097785e-01, 5.4675442454559564e-01,
            -6.1203391214592007e-02, 1.8203401905170016e-01,
            3.9094447811695748e-01, -4.6409306309051913e-02,
            1.8199813621739500e-01, 3.9105087646871522e-01,
            -4.6764087680337733e-02, 3.7933322277913584e-01,
            4.8946125715494426e-01, -1.1160585327511485e-01,
            3.8183332327568076e-01, 4.8824935084819687e-01,
            -1.1177827221830505e-01, 3.6417094167111030e-01,
            -3.0989907656974425e-01, 3.6531578591449870e-02,
            -7.6670571457327619e-01, -3.0321899259020513e-01,
            -1.4516630446625900e-01, -7.6447607010957397e-01,
            -3.9215956381574413e-01, -1.8077132206811031e-01,
            -7.5134365166759598e-01, 4.1785231100854614e-01,
            1.5762707385033689e-01, -7.4471343618306651e-01,
            4.1262767046658694e-01, 1.5774704843473955e-01,
            -2.5470672859560722e-01, 5.7122427385068224e-02,
            -1.4045553345979208e-02, -2.4680776804371071e-01,
            3.4657021104801478e-01, 2.6032226468747564e-02,
            -2.4016013220708129e-01, 5.2890752783318173e-01,
            5.0648013296432606e-02, 6.4237474451087628e-01,
            5.0714243105022783e-01, -1.8737403607706965e-01,
            6.4803438315403972e-01, 2.7307873543603103e-02,
            -3.0175206798662504e-02, 6.4593623124297406e-01,
            -1.4369975251218756e-01, 2.5418979735308565e-02,
            6.2727881909872196e-01, -5.2583620779780449e-01,
            1.5067020072320400e-01, 6.3919980725931946e-01,
            -3.3581065021489509e-01, 8.7895081097380506e-02,
            4.6605868397894501e-01, -2.0631504166054481e-02,
            -1.3469004448061525e-02, 4.6563949082945139e-01,
            8.0315451413964095e-02, -3.9762309025577432e-02,
            4.6726434145656409e-01, 1.1264846183182532e-01,
            -4.6951485241247121e-02, 4.6272347216001442e-01,
            -3.0380857202555744e-02, -1.4731859415646002e-02,
            4.6142289147141530e-01, -8.9065181455995651e-02,
            -2.1375284883821343e-03, 4.6431953383200636e-01,
            2.4160204135253360e-01, -7.8582189262846699e-02,
            4.6363876971643775e-01, 1.4982778463852031e-01,
            -5.7162232919226612e-02, 4.6626507446294807e-01,
            1.4769816653318016e-01, -5.7515632572250355e-02,
            4.6316445528955025e-01, -7.3144797882763518e-03,
            -2.0924749168977595e-02, 4.5628510806632627e-01,
            -2.2203704690860296e-01, 2.4705268410141628e-02,
            4.5738635743087913e-01, -1.8622544836944091e-01,
            1.5946673977711882e-02, 4.5647995515090178e-01,
            -1.7556011895325288e-01, 1.2843727982646073e-02,
            4.5721343004795462e-01, -1.6348081437799311e-01,
            1.0527398448925144e-02, 4.5675799641012693e-01,
            -1.5071060535255926e-01, 8.1521121311061984e-03 ]
    },
    "tvecs": {
        "type_id": "opencv-matrix",
        "rows": 48,
        "cols": 3,
        "dt": "d",
        "data": [ -1.2671862417075119e-01, -5.2583185981067405e-02,
            5.0368632953550152e-01, 3.3800447741245861e-03,
            -3.7095661477799503e-02, 5.4129860092270254e-01,
            -1.4847168851230408e-01, -3.6896094543140245e-02,
            4.6194092636394046e-01, -8.8244134225523671e-02,
            -4.0090927293528568e-02, 4.6117158417216281e-01,
            -7.6038580107181453e-02, -4.0468875668571248e-02,
            4.8785707384754468e-01, -6.1358675925423579e-02,
            -5.3274509788861849e-02, 3.8141209517150543e-01,
            -1.1468864653185409e-01, -5.1819334048014552e-02,
            3.7411197922823758e-01, -5.5005709544985577e-02,
            -5.3203444178009276e-02, 3.7661713449912398e-01,
            -1.1964869031899750e-01, -5.8305253016881102e-02,
            4.0107313110200288e-01, -5.5048054022482529e-02,
            -5.9995036778575685e-02, 4.0755565872021532e-01,
            -3.2613447557414195e-02, -6.0515168331545750e-02,
            4.1919885287041397e-01, -3.1794059439506132e-02,
            -6.0541845453101123e-02, 4.2157640264372359e-01,
            -9.1916295115547372e-02, -1.3096188128994681e-02,
            5.3832779130993824e-01, -9.9021610126990206e-02,
            -1.2880232752298708e-02, 5.3265943406939076e-01,
            -1.4955552625387211e-01, -1.1054524504279748e-02,
            4.6325396740678815e-01, -5.5795467218937182e-02,
